Custo da árvore: 8 
[(3, 4, 1), (2, 3, 3), (1, 3, 4)]
Custo da árvore: 9 
[(3, 4, 1), (2, 3, 3), (1, 2, 5)]
Custo da árvore: 9 
[(3, 4, 1), (2, 3, 3), (1, 4, 5)]
Custo da árvore: 10 
[(3, 4, 1), (1, 3, 4), (1, 2, 5)]
Custo da árvore: 11 
[(3, 4, 1), (1, 2, 5), (1, 4, 5)]
Custo da árvore: 12 
[(3, 4, 1), (1, 3, 4), (2, 4, 7)]
Custo da árvore: 12 
[(2, 3, 3), (1, 3, 4), (1, 4, 5)]
Custo da árvore: 13 
[(3, 4, 1), (1, 4, 5), (2, 4, 7)]
Custo da árvore: 13 
[(3, 4, 1), (1, 2, 5), (2, 4, 7)]
Custo da árvore: 13 
[(2, 3, 3), (1, 2, 5), (1, 4, 5)]
Custo da árvore: 14 
[(1, 3, 4), (1, 2, 5), (1, 4, 5)]
Custo da árvore: 14 
[(2, 3, 3), (1, 3, 4), (2, 4, 7)]
Custo da árvore: 15 
[(2, 3, 3), (1, 2, 5), (2, 4, 7)]
Custo da árvore: 15 
[(2, 3, 3), (1, 4, 5), (2, 4, 7)]
Custo da árvore: 16 
[(1, 3, 4), (1, 4, 5), (2, 4, 7)]
Custo da árvore: 16 
[(1, 3, 4), (1, 2, 5), (2, 4, 7)]
